#"Potential Energy (kJ/mole)"
-3765.0688758139204
-3576.8784188785257
-3719.239857749854
-3735.8240526515724
-3933.605834270415
-3791.9580662826975
-3945.8995846154676
-4152.277517508132
-4244.948169455729
-4250.971478889223
-4336.550169057449
-4441.429213042072
-4507.565139961805
-4597.5617220510485
-4498.379468282625
-4250.211870028849
-4400.431272042658
-4550.4234777029005
-4602.889308906012
-4611.269452371614
-4521.716682967739
-4501.141495840588
-4486.302327539072
-4511.304738448291
-4665.012970552097
-4542.6779801347775
-4516.45213216542
-4543.8364549608905
-4565.79791567046
-4630.214263177128
-4477.127330715608
-4481.957289839071
-4537.0149073258
-4515.192943810709
-4544.885504255936
-4531.999153734881
-4479.490119921195
-4615.308330142883
-4517.578164574116
-4527.257273521211
